{
  "frame_of_reference": "anchor marker (smallest tag id); pose maps camera -> anchor",
  "units": "meters",
  "frames": [
    {
      "frame": 0,
      "color": "color_0000.png",
      "depth": "depth_0000.png",
      "position_xyz": [
        0.32824107604905733,
        -0.02052831153469272,
        -0.5099803971923841
      ],
      "orientation_quaternion_xyzw": [
        0.038216746526090924,
        -0.032194539803052244,
        0.623451126398308,
        0.7802638559388168
      ],
      "rotation_matrix": [
        [
          0.2205444091991003,
          -0.9753735008802394,
          -0.0025879241958704944
        ],
        [
          0.9704520186115304,
          0.21969634655528195,
          -0.09978173621994427
        ],
        [
          0.09789301887175053,
          0.019494847803592067,
          0.9950059837836605
        ]
      ],
      "transform_4x4": [
        [
          0.2205444091991003,
          -0.9753735008802394,
          -0.0025879241958704944,
          0.32824107604905733
        ],
        [
          0.9704520186115304,
          0.21969634655528195,
          -0.09978173621994427,
          -0.02052831153469272
        ],
        [
          0.09789301887175053,
          0.019494847803592067,
          0.9950059837836605,
          -0.5099803971923841
        ],
        [
          0.0,
          0.0,
          0.0,
          1.0
        ]
      ]
    },
    {
      "frame": 1,
      "color": "color_0001.png",
      "depth": "depth_0001.png",
      "position_xyz": [
        0.24160479644906563,
        0.006220399846453548,
        -0.5092695523813751
      ],
      "orientation_quaternion_xyzw": [
        0.0345089267747785,
        -0.036050796112765245,
        0.6228874690192783,
        0.7807180509065011
      ],
      "rotation_matrix": [
        [
          0.2214230820767867,
          -0.9750871300600849,
          -0.013300658434944563
        ],
        [
          0.9701108329271734,
          0.221640669823221,
          -0.09879466239458146
        ],
        [
          0.09928137066419844,
          0.008972305807339497,
          0.9950189481449772
        ]
      ],
      "transform_4x4": [
        [
          0.2214230820767867,
          -0.9750871300600849,
          -0.013300658434944563,
          0.24160479644906563
        ],
        [
          0.9701108329271734,
          0.221640669823221,
          -0.09879466239458146,
          0.006220399846453548
        ],
        [
          0.09928137066419844,
          0.008972305807339497,
          0.9950189481449772,
          -0.5092695523813751
        ],
        [
          0.0,
          0.0,
          0.0,
          1.0
        ]
      ]
    },
    {
      "frame": 2,
      "color": "color_0002.png",
      "depth": "depth_0002.png",
      "position_xyz": [
        0.1165873614520352,
        -0.07767920750259079,
        -0.508192839700484
      ],
      "orientation_quaternion_xyzw": [
        0.04266959937276768,
        -0.03059916093797011,
        0.6227312410375101,
        0.7806720169668839
      ],
      "rotation_matrix": [
        [
          0.22253898557155063,
          -0.9749090158148195,
          0.0053675677700750855
        ],
        [
          0.9696864000613554,
          0.2207702134505013,
          -0.10473203134223211
        ],
        [
          0.10091920251783275,
          0.028511817479797606,
          0.9944859932785192
        ]
      ],
      "transform_4x4": [
        [
          0.22253898557155063,
          -0.9749090158148195,
          0.0053675677700750855,
          0.1165873614520352
        ],
        [
          0.9696864000613554,
          0.2207702134505013,
          -0.10473203134223211,
          -0.07767920750259079
        ],
        [
          0.10091920251783275,
          0.028511817479797606,
          0.9944859932785192,
          -0.508192839700484
        ],
        [
          0.0,
          0.0,
          0.0,
          1.0
        ]
      ]
    },
    {
      "frame": 3,
      "color": "color_0003.png",
      "depth": "depth_0003.png",
      "position_xyz": [
        0.3418383256566759,
        0.003909772668943143,
        -0.510935628531979
      ],
      "orientation_quaternion_xyzw": [
        0.04015454414079894,
        -0.02789883113561671,
        0.6236263230030181,
        0.7801919488586423
      ],
      "rotation_matrix": [
        [
          0.22062372895800345,
          -0.9753370022991712,
          0.006549974559627687
        ],
        [
          0.9708559429139243,
          0.21895564368516005,
          -0.09745339505185413
        ],
        [
          0.09361574829792757,
          0.027859613143107084,
          0.9952185356122218
        ]
      ],
      "transform_4x4": [
        [
          0.22062372895800345,
          -0.9753370022991712,
          0.006549974559627687,
          0.3418383256566759
        ],
        [
          0.9708559429139243,
          0.21895564368516005,
          -0.09745339505185413,
          0.003909772668943143
        ],
        [
          0.09361574829792757,
          0.027859613143107084,
          0.9952185356122218,
          -0.510935628531979
        ],
        [
          0.0,
          0.0,
          0.0,
          1.0
        ]
      ]
    },
    {
      "frame": 4,
      "color": "color_0004.png",
      "depth": "depth_0004.png",
      "position_xyz": [
        0.4170226822014197,
        -0.08046508319408564,
        -0.5085061155322445
      ],
      "orientation_quaternion_xyzw": [
        0.03672110622033011,
        -0.035815212910056723,
        0.622705979813791,
        0.7807727541265184
      ],
      "rotation_matrix": [
        [
          0.221909066456707,
          -0.9750140742156794,
          -0.010194179989271319
        ],
        [
          0.9697533772653839,
          0.22177764612420284,
          -0.10194637297123196
        ],
        [
          0.10165998970437917,
          0.012736983981646305,
          0.994737661764325
        ]
      ],
      "transform_4x4": [
        [
          0.221909066456707,
          -0.9750140742156794,
          -0.010194179989271319,
          0.4170226822014197
        ],
        [
          0.9697533772653839,
          0.22177764612420284,
          -0.10194637297123196,
          -0.08046508319408564
        ],
        [
          0.10165998970437917,
          0.012736983981646305,
          0.994737661764325,
          -0.5085061155322445
        ],
        [
          0.0,
          0.0,
          0.0,
          1.0
        ]
      ]
    }
  ]
}