{
  "frame_of_reference": "anchor marker (smallest tag id); pose maps camera -> anchor",
  "units": "meters",
  "frames": [
    {
      "frame": 0,
      "color": "color_0000.png",
      "depth": "depth_0000.png",
      "position_xyz": [
        0.11421964179357416,
        0.012912499732671912,
        -0.4549684835687851
      ],
      "orientation_quaternion_xyzw": [
        0.03449193447672527,
        -0.023930715521073516,
        0.6120699994533693,
        0.7896885101607186
      ],
      "rotation_matrix": [
        [
          0.2495952732476044,
          -0.9683401253082737,
          0.0044273344587967
        ],
        [
          0.9650384586213383,
          0.2483612444504114,
          -0.08377031477077702
        ],
        [
          0.08001857880646282,
          0.0251812226271682,
          0.9964752546214054
        ]
      ],
      "transform_4x4": [
        [
          0.2495952732476044,
          -0.9683401253082737,
          0.0044273344587967,
          0.11421964179357416
        ],
        [
          0.9650384586213383,
          0.2483612444504114,
          -0.08377031477077702,
          0.012912499732671912
        ],
        [
          0.08001857880646282,
          0.0251812226271682,
          0.9964752546214054,
          -0.4549684835687851
        ],
        [
          0.0,
          0.0,
          0.0,
          1.0
        ]
      ]
    },
    {
      "frame": 1,
      "color": "color_0001.png",
      "depth": "depth_0001.png",
      "position_xyz": [
        0.07632200500639946,
        -0.1551577369949224,
        -0.42418897561195906
      ],
      "orientation_quaternion_xyzw": [
        0.03135720898086747,
        -0.0217155059193955,
        0.6121977083639126,
        0.7897842288382115
      ],
      "rotation_matrix": [
        [
          0.2494848053532763,
          -0.9683700653079057,
          0.004092494764787953
        ],
        [
          0.9656463146789468,
          0.24846138263780768,
          -0.07611922414657994
        ],
        [
          0.07269475115031353,
          0.02294249230731227,
          0.9970903244951896
        ]
      ],
      "transform_4x4": [
        [
          0.2494848053532763,
          -0.9683700653079057,
          0.004092494764787953,
          0.07632200500639946
        ],
        [
          0.9656463146789468,
          0.24846138263780768,
          -0.07611922414657994,
          -0.1551577369949224
        ],
        [
          0.07269475115031353,
          0.02294249230731227,
          0.9970903244951896,
          -0.42418897561195906
        ],
        [
          0.0,
          0.0,
          0.0,
          1.0
        ]
      ]
    },
    {
      "frame": 2,
      "color": "color_0002.png",
      "depth": "depth_0002.png",
      "position_xyz": [
        0.17359467423873118,
        -0.13789946820506652,
        -0.4689779385375969
      ],
      "orientation_quaternion_xyzw": [
        0.031908300102742815,
        -0.024052135260240675,
        0.6131333245928632,
        0.7889682385544293
      ],
      "rotation_matrix": [
        [
          0.24697804212625132,
          -0.9690203637060958,
          0.0011753426687130459
        ],
        [
          0.9659505127061138,
          0.24609877331651164,
          -0.07984360196599141
        ],
        [
          0.0770808258276929,
          0.02085493934331704,
          0.9968067103479525
        ]
      ],
      "transform_4x4": [
        [
          0.24697804212625132,
          -0.9690203637060958,
          0.0011753426687130459,
          0.17359467423873118
        ],
        [
          0.9659505127061138,
          0.24609877331651164,
          -0.07984360196599141,
          -0.13789946820506652
        ],
        [
          0.0770808258276929,
          0.02085493934331704,
          0.9968067103479525,
          -0.4689779385375969
        ],
        [
          0.0,
          0.0,
          0.0,
          1.0
        ]
      ]
    },
    {
      "frame": 3,
      "color": "color_0003.png",
      "depth": "depth_0003.png",
      "position_xyz": [
        0.3005139902674997,
        -0.16582768644575524,
        -0.4673449922121102
      ],
      "orientation_quaternion_xyzw": [
        0.03163415975635561,
        -0.026095771189474818,
        0.6131477025241083,
        0.7889031534681197
      ],
      "rotation_matrix": [
        [
          0.24673781123086835,
          -0.9690793477155496,
          -0.0023812476153382734
        ],
        [
          0.9657772765364567,
          0.2460983496518339,
          -0.08191370107904908
        ],
        [
          0.07996689711889848,
          0.017911452477363827,
          0.9966365813250717
        ]
      ],
      "transform_4x4": [
        [
          0.24673781123086835,
          -0.9690793477155496,
          -0.0023812476153382734,
          0.3005139902674997
        ],
        [
          0.9657772765364567,
          0.2460983496518339,
          -0.08191370107904908,
          -0.16582768644575524
        ],
        [
          0.07996689711889848,
          0.017911452477363827,
          0.9966365813250717,
          -0.4673449922121102
        ],
        [
          0.0,
          0.0,
          0.0,
          1.0
        ]
      ]
    },
    {
      "frame": 4,
      "color": "color_0004.png",
      "depth": "depth_0004.png",
      "position_xyz": [
        0.19994809365618826,
        -0.043792201591365924,
        -0.47007000569292173
      ],
      "orientation_quaternion_xyzw": [
        0.026711158833907643,
        -0.02629275981588295,
        0.6127219019759503,
        0.7894093207037701
      ],
      "rotation_matrix": [
        [
          0.24776112324047594,
          -0.9687813810055615,
          -0.008778475241979944
        ],
        [
          0.9659721406710664,
          0.24771676966544684,
          -0.07439237510574029
        ],
        [
          0.07424452342075423,
          0.009951775895401872,
          0.9971904095500281
        ]
      ],
      "transform_4x4": [
        [
          0.24776112324047594,
          -0.9687813810055615,
          -0.008778475241979944,
          0.19994809365618826
        ],
        [
          0.9659721406710664,
          0.24771676966544684,
          -0.07439237510574029,
          -0.043792201591365924
        ],
        [
          0.07424452342075423,
          0.009951775895401872,
          0.9971904095500281,
          -0.47007000569292173
        ],
        [
          0.0,
          0.0,
          0.0,
          1.0
        ]
      ]
    }
  ]
}