{
  "frame_of_reference": "anchor marker (smallest tag id); pose maps camera -> anchor",
  "units": "meters",
  "frames": [
    {
      "frame": 0,
      "color": "color_0000.png",
      "depth": "depth_0000.png",
      "position_xyz": [
        0.45119310876744656,
        -0.36821211031207746,
        -0.5592750782466583
      ],
      "orientation_quaternion_xyzw": [
        -0.04063077897372195,
        0.13725910882614373,
        0.9516031436996863,
        -0.2719568600809979
      ],
      "rotation_matrix": [
        [
          -0.8487772121097461,
          0.5064361169818565,
          -0.15198586651246992
        ],
        [
          -0.5287438950332368,
          -0.814398806598275,
          0.2391327607760746
        ],
        [
          -0.0026716414969737584,
          0.28333203706542825,
          0.9590181536884828
        ]
      ],
      "transform_4x4": [
        [
          -0.8487772121097461,
          0.5064361169818565,
          -0.15198586651246992,
          0.45119310876744656
        ],
        [
          -0.5287438950332368,
          -0.814398806598275,
          0.2391327607760746,
          -0.36821211031207746
        ],
        [
          -0.0026716414969737584,
          0.28333203706542825,
          0.9590181536884828,
          -0.5592750782466583
        ],
        [
          0.0,
          0.0,
          0.0,
          1.0
        ]
      ]
    },
    {
      "frame": 1,
      "color": "color_0001.png",
      "depth": "depth_0001.png",
      "position_xyz": [
        0.3437599757633072,
        -0.22746307927431225,
        -0.5380973356692736
      ],
      "orientation_quaternion_xyzw": [
        -0.020669547444525933,
        0.018170502210382602,
        0.9555070457451615,
        -0.29368161023328465
      ],
      "rotation_matrix": [
        [
          -0.8266477632384472,
          0.560478543452319,
          -0.0501724811270021
        ],
        [
          -0.5619808476824323,
          -0.8268418893204158,
          0.02258355382089388
        ],
        [
          -0.02882711173543162,
          0.04686461772610054,
          0.9984852053157219
        ]
      ],
      "transform_4x4": [
        [
          -0.8266477632384472,
          0.560478543452319,
          -0.0501724811270021,
          0.3437599757633072
        ],
        [
          -0.5619808476824323,
          -0.8268418893204158,
          0.02258355382089388,
          -0.22746307927431225
        ],
        [
          -0.02882711173543162,
          0.04686461772610054,
          0.9984852053157219,
          -0.5380973356692736
        ],
        [
          0.0,
          0.0,
          0.0,
          1.0
        ]
      ]
    },
    {
      "frame": 2,
      "color": "color_0002.png",
      "depth": "depth_0002.png",
      "position_xyz": [
        0.266686179468108,
        -0.11293618843689698,
        -0.621583314565794
      ],
      "orientation_quaternion_xyzw": [
        0.03750163547084372,
        0.06324013255023435,
        0.9696993719609591,
        -0.23297519393824362
      ],
      "rotation_matrix": [
        [
          -0.8886323726928995,
          0.4565750152848485,
          0.0432638604360298
        ],
        [
          -0.4470885816927414,
          -0.8834464892889335,
          0.1401217352270224
        ],
        [
          0.10219738901831413,
          0.10517393203973784,
          0.9891886259440816
        ]
      ],
      "transform_4x4": [
        [
          -0.8886323726928995,
          0.4565750152848485,
          0.0432638604360298,
          0.266686179468108
        ],
        [
          -0.4470885816927414,
          -0.8834464892889335,
          0.1401217352270224,
          -0.11293618843689698
        ],
        [
          0.10219738901831413,
          0.10517393203973784,
          0.9891886259440816,
          -0.621583314565794
        ],
        [
          0.0,
          0.0,
          0.0,
          1.0
        ]
      ]
    },
    {
      "frame": 3,
      "color": "color_0003.png",
      "depth": "depth_0003.png",
      "position_xyz": [
        0.4606158349005699,
        -0.06843347147586032,
        -0.5796447852761272
      ],
      "orientation_quaternion_xyzw": [
        -0.04821442342309134,
        0.07549054834561214,
        0.9956258679528742,
        0.02656459198902857
      ],
      "rotation_matrix": [
        [
          -0.9939393836528708,
          -0.06017625643653434,
          -0.09199630310526696
        ],
        [
          0.04561732338702782,
          -0.9871909991258705,
          0.1528822784101184
        ],
        [
          -0.10001780556858385,
          0.14775909246523564,
          0.9839530929689153
        ]
      ],
      "transform_4x4": [
        [
          -0.9939393836528708,
          -0.06017625643653434,
          -0.09199630310526696,
          0.4606158349005699
        ],
        [
          0.04561732338702782,
          -0.9871909991258705,
          0.1528822784101184,
          -0.06843347147586032
        ],
        [
          -0.10001780556858385,
          0.14775909246523564,
          0.9839530929689153,
          -0.5796447852761272
        ],
        [
          0.0,
          0.0,
          0.0,
          1.0
        ]
      ]
    },
    {
      "frame": 4,
      "color": "color_0004.png",
      "depth": "depth_0004.png",
      "position_xyz": [
        0.18880323212535394,
        -0.13433595099664247,
        -0.5459385312698505
      ],
      "orientation_quaternion_xyzw": [
        -0.0003737333373919842,
        0.037025721307639495,
        0.9073520951124303,
        -0.4187375452238845
      ],
      "rotation_matrix": [
        [
          -0.6493174570865353,
          0.7598571024294679,
          -0.031686334754401246
        ],
        [
          -0.7599124534150427,
          -0.6465759283630489,
          0.06687773924253557
        ],
        [
          0.030329903847617336,
          0.067503723963607,
          0.997257912570083
        ]
      ],
      "transform_4x4": [
        [
          -0.6493174570865353,
          0.7598571024294679,
          -0.031686334754401246,
          0.18880323212535394
        ],
        [
          -0.7599124534150427,
          -0.6465759283630489,
          0.06687773924253557,
          -0.13433595099664247
        ],
        [
          0.030329903847617336,
          0.067503723963607,
          0.997257912570083,
          -0.5459385312698505
        ],
        [
          0.0,
          0.0,
          0.0,
          1.0
        ]
      ]
    },
    {
      "frame": 5,
      "color": "color_0005.png",
      "depth": "depth_0005.png",
      "position_xyz": [
        0.24368218864090352,
        -0.22146414573579726,
        -0.5320645594652631
      ],
      "orientation_quaternion_xyzw": [
        -0.01113937707613654,
        0.03550578603776378,
        0.8899720066807593,
        -0.45449431323265055
      ],
      "rotation_matrix": [
        [
          -0.586621667035074,
          0.8081834072671925,
          -0.05210182322128353
        ],
        [
          -0.8097654566234298,
          -0.5843485167940435,
          0.05307274422949606
        ],
        [
          0.01244688814279199,
          0.0733238783657292,
          0.9972305068723923
        ]
      ],
      "transform_4x4": [
        [
          -0.586621667035074,
          0.8081834072671925,
          -0.05210182322128353,
          0.24368218864090352
        ],
        [
          -0.8097654566234298,
          -0.5843485167940435,
          0.05307274422949606,
          -0.22146414573579726
        ],
        [
          0.01244688814279199,
          0.0733238783657292,
          0.9972305068723923,
          -0.5320645594652631
        ],
        [
          0.0,
          0.0,
          0.0,
          1.0
        ]
      ]
    },
    {
      "frame": 6,
      "color": "color_0006.png",
      "depth": "depth_0006.png",
      "position_xyz": [
        0.3812325091936494,
        -0.25983856474810096,
        -0.5778403667160488
      ],
      "orientation_quaternion_xyzw": [
        0.005854588779184529,
        0.1583877358850418,
        0.9307133483856395,
        -0.32962359146187975
      ],
      "rotation_matrix": [
        [
          -0.7826280234839971,
          0.6154247431553183,
          -0.0935187808396946
        ],
        [
          -0.6117155629102264,
          -0.7325232261459641,
          0.29868678117742953
        ],
        [
          0.1153145565440779,
          0.29096753885772064,
          0.9497580978228737
        ]
      ],
      "transform_4x4": [
        [
          -0.7826280234839971,
          0.6154247431553183,
          -0.0935187808396946,
          0.3812325091936494
        ],
        [
          -0.6117155629102264,
          -0.7325232261459641,
          0.29868678117742953,
          -0.25983856474810096
        ],
        [
          0.1153145565440779,
          0.29096753885772064,
          0.9497580978228737,
          -0.5778403667160488
        ],
        [
          0.0,
          0.0,
          0.0,
          1.0
        ]
      ]
    }
  ]
}