{
  "frame_of_reference": "anchor marker (smallest tag id); pose maps camera -> anchor",
  "units": "meters",
  "frames": [
    {
      "frame": 0,
      "color": "color_0000.png",
      "depth": "depth_0000.png",
      "position_xyz": [
        0.3442246750599706,
        -0.10537168014062401,
        -0.44466614919881914
      ],
      "orientation_quaternion_xyzw": [
        0.04517818655212418,
        -0.03590880074085975,
        0.6869694699691994,
        0.7243910800247699
      ],
      "rotation_matrix": [
        [
          0.05356701071918242,
          -0.9985137015875314,
          0.010048039837633336
        ],
        [
          0.9920245235925967,
          0.05206375758019902,
          -0.11478985032446361
        ],
        [
          0.11409609964189595,
          0.016116851075751476,
          0.9933389789784294
        ]
      ],
      "transform_4x4": [
        [
          0.05356701071918242,
          -0.9985137015875314,
          0.010048039837633336,
          0.3442246750599706
        ],
        [
          0.9920245235925967,
          0.05206375758019902,
          -0.11478985032446361,
          -0.10537168014062401
        ],
        [
          0.11409609964189595,
          0.016116851075751476,
          0.9933389789784294,
          -0.44466614919881914
        ],
        [
          0.0,
          0.0,
          0.0,
          1.0
        ]
      ]
    },
    {
      "frame": 1,
      "color": "color_0001.png",
      "depth": "depth_0001.png",
      "position_xyz": [
        0.22755633035285766,
        -0.057498222904143234,
        -0.44584544308526936
      ],
      "orientation_quaternion_xyzw": [
        0.04643034665207777,
        -0.03079932420969553,
        0.6859329379180303,
        0.7255285171632703
      ],
      "rotation_matrix": [
        [
          0.05709481261473163,
          -0.99818786124164,
          0.01900463212824227
        ],
        [
          0.9924677680428163,
          0.0546804551778153,
          -0.1096256229978101
        ],
        [
          0.10838778422220711,
          0.025120539233624277,
          0.9937912490759881
        ]
      ],
      "transform_4x4": [
        [
          0.05709481261473163,
          -0.99818786124164,
          0.01900463212824227,
          0.22755633035285766
        ],
        [
          0.9924677680428163,
          0.0546804551778153,
          -0.1096256229978101,
          -0.057498222904143234
        ],
        [
          0.10838778422220711,
          0.025120539233624277,
          0.9937912490759881,
          -0.44584544308526936
        ],
        [
          0.0,
          0.0,
          0.0,
          1.0
        ]
      ]
    },
    {
      "frame": 2,
      "color": "color_0002.png",
      "depth": "depth_0002.png",
      "position_xyz": [
        0.1453481937662508,
        0.0028235649077948816,
        -0.4457522674722628
      ],
      "orientation_quaternion_xyzw": [
        0.04683082234393735,
        -0.03323468594508714,
        0.686483653465984,
        0.7248741430432716
      ],
      "rotation_matrix": [
        [
          0.055271298348253284,
          -0.9983413153850406,
          0.01611525904745045
        ],
        [
          0.9921156846924366,
          0.0530941352051717,
          -0.11352304168790257
        ],
        [
          0.11247911702247967,
          0.022262767170390555,
          0.9934046594574442
        ]
      ],
      "transform_4x4": [
        [
          0.055271298348253284,
          -0.9983413153850406,
          0.01611525904745045,
          0.1453481937662508
        ],
        [
          0.9921156846924366,
          0.0530941352051717,
          -0.11352304168790257,
          0.0028235649077948816
        ],
        [
          0.11247911702247967,
          0.022262767170390555,
          0.9934046594574442,
          -0.4457522674722628
        ],
        [
          0.0,
          0.0,
          0.0,
          1.0
        ]
      ]
    },
    {
      "frame": 3,
      "color": "color_0003.png",
      "depth": "depth_0003.png",
      "position_xyz": [
        0.11309777865951573,
        -0.08107393627536373,
        -0.4446020980431987
      ],
      "orientation_quaternion_xyzw": [
        0.04605666660308872,
        -0.03206170042896387,
        0.6863587018623986,
        0.7250948649692528
      ],
      "rotation_matrix": [
        [
          0.05576755948673382,
          -0.9983036505895452,
          0.01672723911716221
        ],
        [
          0.9923970304000048,
          0.05358103167835098,
          -0.11080255907485068
        ],
        [
          0.10971833649005898,
          0.02277925073115135,
          0.9937016616540311
        ]
      ],
      "transform_4x4": [
        [
          0.05576755948673382,
          -0.9983036505895452,
          0.01672723911716221,
          0.11309777865951573
        ],
        [
          0.9923970304000048,
          0.05358103167835098,
          -0.11080255907485068,
          -0.08107393627536373
        ],
        [
          0.10971833649005898,
          0.02277925073115135,
          0.9937016616540311,
          -0.4446020980431987
        ],
        [
          0.0,
          0.0,
          0.0,
          1.0
        ]
      ]
    },
    {
      "frame": 4,
      "color": "color_0004.png",
      "depth": "depth_0004.png",
      "position_xyz": [
        0.3464833299264351,
        0.016591597658921875,
        -0.46696404079127396
      ],
      "orientation_quaternion_xyzw": [
        0.04587100731332086,
        -0.031006751726557563,
        0.6877676244509779,
        0.7238163626172649
      ],
      "rotation_matrix": [
        [
          0.05202855220885315,
          -0.9984795423824706,
          0.018210798959525255
        ],
        [
          0.9927902986416249,
          0.04974309089024046,
          -0.10905525128006725
        ],
        [
          0.10798357596469922,
          0.023753491372404192,
          0.993868864070858
        ]
      ],
      "transform_4x4": [
        [
          0.05202855220885315,
          -0.9984795423824706,
          0.018210798959525255,
          0.3464833299264351
        ],
        [
          0.9927902986416249,
          0.04974309089024046,
          -0.10905525128006725,
          0.016591597658921875
        ],
        [
          0.10798357596469922,
          0.023753491372404192,
          0.993868864070858,
          -0.46696404079127396
        ],
        [
          0.0,
          0.0,
          0.0,
          1.0
        ]
      ]
    }
  ]
}