{
  "frame_of_reference": "anchor marker (smallest tag id); pose maps camera -> anchor",
  "units": "meters",
  "frames": [
    {
      "frame": 0,
      "color": "color_0000.png",
      "depth": "depth_0000.png",
      "position_xyz": [
        0.3252361222431713,
        0.015779454093942703,
        -0.4247741448816334
      ],
      "orientation_quaternion_xyzw": [
        0.02140004355733467,
        -0.04843571161411238,
        -0.05508848329682799,
        0.9970763656732786
      ],
      "rotation_matrix": [
        [
          0.9892384816969788,
          0.10778179675556362,
          -0.09894599849411558
        ],
        [
          -0.11192790210865386,
          0.9930145942875982,
          -0.037338455530346204
        ],
        [
          0.09423041472587718,
          0.04801145509124225,
          0.9943920399523574
        ]
      ],
      "transform_4x4": [
        [
          0.9892384816969788,
          0.10778179675556362,
          -0.09894599849411558,
          0.3252361222431713
        ],
        [
          -0.11192790210865386,
          0.9930145942875982,
          -0.037338455530346204,
          0.015779454093942703
        ],
        [
          0.09423041472587718,
          0.04801145509124225,
          0.9943920399523574,
          -0.4247741448816334
        ],
        [
          0.0,
          0.0,
          0.0,
          1.0
        ]
      ]
    },
    {
      "frame": 1,
      "color": "color_0001.png",
      "depth": "depth_0001.png",
      "position_xyz": [
        -0.010707853905951269,
        0.03754033417633227,
        -0.4759379317879273
      ],
      "orientation_quaternion_xyzw": [
        0.12450313896731077,
        0.037649758885626994,
        0.43312067263246523,
        0.8919013101131433
      ],
      "rotation_matrix": [
        [
          0.6219779571885101,
          -0.7632267643907171,
          0.17500950513981925
        ],
        [
          0.7819768170412094,
          0.5938109026513745,
          -0.1894752477303006
        ],
        [
          0.04069002803768054,
          0.2547028033022723,
          0.9661629280862812
        ]
      ],
      "transform_4x4": [
        [
          0.6219779571885101,
          -0.7632267643907171,
          0.17500950513981925,
          -0.010707853905951269
        ],
        [
          0.7819768170412094,
          0.5938109026513745,
          -0.1894752477303006,
          0.03754033417633227
        ],
        [
          0.04069002803768054,
          0.2547028033022723,
          0.9661629280862812,
          -0.4759379317879273
        ],
        [
          0.0,
          0.0,
          0.0,
          1.0
        ]
      ]
    },
    {
      "frame": 2,
      "color": "color_0002.png",
      "depth": "depth_0002.png",
      "position_xyz": [
        -0.023284103752589293,
        -0.1819684753741162,
        -0.4192148402755315
      ],
      "orientation_quaternion_xyzw": [
        0.023879345792563768,
        -0.03162288265593851,
        -0.0568454342168891,
        0.9975962944727398
      ],
      "rotation_matrix": [
        [
          0.9915371798024444,
          0.11190732156512727,
          -0.06580860467700804
        ],
        [
          -0.11492785656472257,
          0.9923967469064249,
          -0.04404866076265654
        ],
        [
          0.06037887755543407,
          0.051239126745722764,
          0.9968595402740957
        ]
      ],
      "transform_4x4": [
        [
          0.9915371798024444,
          0.11190732156512727,
          -0.06580860467700804,
          -0.023284103752589293
        ],
        [
          -0.11492785656472257,
          0.9923967469064249,
          -0.04404866076265654,
          -0.1819684753741162
        ],
        [
          0.06037887755543407,
          0.051239126745722764,
          0.9968595402740957,
          -0.4192148402755315
        ],
        [
          0.0,
          0.0,
          0.0,
          1.0
        ]
      ]
    },
    {
      "frame": 3,
      "color": "color_0003.png",
      "depth": "depth_0003.png",
      "position_xyz": [
        0.2333417033962267,
        -0.248014919952272,
        -0.41828652976958614
      ],
      "orientation_quaternion_xyzw": [
        0.030084903233863734,
        -0.04727382165965036,
        -0.055397109363967,
        0.9968907887312517
      ],
      "rotation_matrix": [
        [
          0.989392692119616,
          0.10760527939430196,
          -0.0975869080705601
        ],
        [
          -0.11329419279480393,
          0.9920521177430509,
          -0.05474505969035496
        ],
        [
          0.0909204413719574,
          0.06522039196448425,
          0.993720168766201
        ]
      ],
      "transform_4x4": [
        [
          0.989392692119616,
          0.10760527939430196,
          -0.0975869080705601,
          0.2333417033962267
        ],
        [
          -0.11329419279480393,
          0.9920521177430509,
          -0.05474505969035496,
          -0.248014919952272
        ],
        [
          0.0909204413719574,
          0.06522039196448425,
          0.993720168766201,
          -0.41828652976958614
        ],
        [
          0.0,
          0.0,
          0.0,
          1.0
        ]
      ]
    },
    {
      "frame": 4,
      "color": "color_0004.png",
      "depth": "depth_0004.png",
      "position_xyz": [
        0.3212743418687153,
        0.011515353519045906,
        -0.42426343893324064
      ],
      "orientation_quaternion_xyzw": [
        0.01756644228613877,
        -0.04196755700876987,
        -0.0545458224006192,
        0.9974742590777785
      ],
      "rotation_matrix": [
        [
          0.9905269548347112,
          0.10734166623352177,
          -0.08563946774755515
        ],
        [
          -0.11029054890586112,
          0.9934323467280955,
          -0.030465838185621187
        ],
        [
          0.08180676358295345,
          0.03962245783037413,
          0.9958602885282467
        ]
      ],
      "transform_4x4": [
        [
          0.9905269548347112,
          0.10734166623352177,
          -0.08563946774755515,
          0.3212743418687153
        ],
        [
          -0.11029054890586112,
          0.9934323467280955,
          -0.030465838185621187,
          0.011515353519045906
        ],
        [
          0.08180676358295345,
          0.03962245783037413,
          0.9958602885282467,
          -0.42426343893324064
        ],
        [
          0.0,
          0.0,
          0.0,
          1.0
        ]
      ]
    }
  ]
}